110101000011110010110
000001010100011111011
111111001101111011011
111000000010111010011
000010010110010011111
111101010110110111000
000001001001111010111
001000000001110001100
000100111110000110001
000100000010100001110
000001001000010011010
000110100000011000010
111101110110011100010
111111000000001010001
000011110111100010110
110111010000011010001
111010111011101010111
000011110110011111011
111001001100110011111
110110101110000100110
111001100100001111010
111011111011010011001
111101110111001100101
111100001000010001111
000110010010000011101
000100110101000000001
000111101010001111001
111100101011100010110
110110100100001000100
111111110110011000010
111110010000001000101
000001000011011110011
000111000010101011110
000101001111110010110
000010010110001011111
000100000100111010011
000110001010011100010
000010010101001001101
111011010011011110010
000100111010100011100
111100001010101100110
111000101001011011111
111011110111110101011
000100101000101001100
000110100000111111010
111000110111101000110
000000010000111001110
000111100100010111110
111011010101101011010
111111001011110011111
000101111010101000101
001000110000100010100
000001111010100000000
111000101111111011000
000001100101000111011
111101101111101101001
111100000011111111001
000000100110111100000
000010101100000001110
000001000101001000110
000011011100011010111
000101001011000001001
111111110011100010111
000010100100101110011
111110011000110000111
110111111011101100000
001001010101100001010
111110010011001110001
110011011011001000101
001100100011101111000
111110000011011011011
111000010001011010011
111100101101011001011
110100011010100110110
110111001100100010001
111111100001101010100
111110100100011010010
000000010111010110101
000101010001011100110
000110000010010110001
000111100010001011000
000111111101010101011
000000101011000001111
111011101100011001101
111100110101011111111
111010101010001101110
000101111010011000001
111010001010001001001
111101101001110011000
000110011011001010100
000110000111100111011
000110101110110001001
000101011011111010100
111101111100100101110
000100011101010001110
111111000111111110101
111100000111000011101
110011001111111101100
110110111010010010011
001000101010110101010
000100000001001100111
000101110100111101001
111110100110101000000
111110000011000001001
111011111011101101011
000001101111010011000
111001101100010001001
111100101001001001000
111110010111111111000
111000101100100001100
111110110011110010000
000000111010101110111
000001011110110011011
000100011111010001101
111100101000000101010
000100000001011001100
000101110010111010101
111111100010011001011
000011111011100001000
001001000000001110101
000001111001111010001
111111110010100111111
000111001001011011011
110111101100100001010
110111001100110001111
111111110001011110001
111110011111010010110
111101000010110100011
111111101100010001000
000101010111101011110
000000011010000100100
000011011110100100100
000110111110011010011
000000100011101001111
111011111110101110110
111010010100001100011
111010111100011000101
111101000000110000100
111011011010001110011
000101010101011011000
000011110110111001011
111110100110011011110
000101101000100110000
000100111101100111101
001001110110101101101
111011110011001111111
111010000000010111011
000001001010010000010
111010011111110010000
111010100100001011000
000010110111001110001
000001111101000111011
000111011100011100011
001000001111001111001
001000011000010000100
000011111111110001000
000001111111110000111
111110110100010010111
111011010011011011000
000001010111011111101
110111010111101011010
110011111010000111111
000001011110011101111
110111010101101100010
001000001111110001001
000101001100010010111
110011011010001101000
000011110110111011110
000011000110110001001
111011000100101100001
000010000011101001110
000101110110110111000
111011111101100010111
111010110000000110101
000110111110011111001
000011110000100111001
000011010011111000111
000000110111011100001
111000101100000010101
111110010011000001011
000011001000011010100
000010101010011101111
000110110011000010101
111010010110011110011
111100000100110000100
000001010111011101110
110101110110001110100
111110101000101001111
111101101100011111101
111111111100000000111
111111010000101011100
000111100000000001101
111010101001011010011
111100001111110100000
000100001101010001101
000101010011000100101
000101011000001111100
110101010111100010011
000001100101001011100
000011110110100000010
000100110111010110101
111010001010011110011
000101111111101000110
000000110111111001001
110101001101010101110
111011111010110001100
000111010000100110100
111111110011110000100
000001000100011110000
110011011000110001000
000110001010011100100
000100101111111011101
111010101010001010000
000110001010001011010
000101110010001110010
000000100110000011000
111111000001011011100
000000011010100101111
111110001111000100100
000111111011100101111
000000111111100011001
000010010101011100001
000010110011110001110
111010111001011010100
111000100100000110001
000000010010010111111
111101110001100110011
111011101111111111000
000000000000011110010
000010100001011100000
000010000110000111011
111110110001110000010
111110010010001011001
000111010000010000001
111100001110100001001
000000111100110010111
000100001000100001000
000011000011101011100
000010010111011011001
000000110111000110010
000000100110001100000
000001011101101011001
111101111000100111111
111111111010001111111
111110000010111100100
001010001010010100001
111111100110001101000
111010001111010011111
000000011110001101110
000001101011110010110
000000010010000101101
111000101111010011001
111100001001011001011
000000010110001011000
111010110100100010111
001011001011011001100
000110000101101111001
111101011100110011110
000010011101100010110
111101001000000110101
000001101000101011001
111000010101101010010
110011110100011100110
110000100010010100000
000011011011101011011
000010000000101110011
111001100111010001111
001001110001000011001
000110010001001100110
111101111001010110101
110111110000101010000
111100000101010011111
000010110100110001011
111001100101001111000
111111111100011100001
000111100100100011001
110111000001110000011
111100001001011010000
000011100011110000101
000001000001101000000
111011110000011001111
111011000111011111001
000100110010011111010
111111100110001010010
000010010010000101111
000011110001001110100
000010110011111000100
111110011101011000110
