111111100111010010001
111111010110111010111
000001101101011011100
111111101011110100110
111110101111001011011
111111110110101110000
111100011010111101001
000001011110111101100
000001000100000001001
111111101011000101101
000010011001000011100
111111111001010001100
111111111111000101101
111110111100110000010
111110100001100010010
111111111111010100101
111111010000011010110
000001101000010100111
111111110001011001101
000000000100110110110
000000000001101100000
111111100011011100011
111111011101010010100
111111100100110101001
111111101011111110010
111100010100010011101
111011001010110000110
111111100001010100110
111111101010011101010
000010101100001110010
000001000100010111000
111110000011100111101
